256048130
307862
5253000192
56
4150
454
6137216
106704
887800920
748944002
1083
1365168
570
152
1250
65
34278
64
9317380
392841486
1031
10407605
99
18616
1856281749
80556
23008742
76426
34608
10838016
157
1131952
1184
448
40099532508
396330
13365
675
944720
1109160
77280
279
6374592
1007260
725495047
102597
30
967959
9332
2904
465
170
2272
200
31190
2704
19
21210
5184
158688
1130
1362
561577374
9299947
133760
62
373
5932
328
90
1014
17640
55466078859
5764
452
960
301
24812463
1630
7690
11098500
1211110
622
3168
45
1557504
2924127
111780
77193147748
735
224
37803
19148200
201589950
900
582
1701
41356624
2855
276804
2738
32902760
82914
10920
237202
134
20493
5972160
3733093
560
19548
3420
143475
308
9928
246
2808192
654960
51484800
321
1497606
575
18804
1771
2869632
346
22
412269
20248806
1056
19350
11092
10688808
1341171
3849587406
536
24
6268
206976
180
1854
13
126
6779
638
3989
210
159600
1609429
469
756
2160
3290040
68321
10448
1275967
5760
1368
32835
7166
2280
5200
52488
1296
14164
250840800
3528
66
825
13278
12386311
96
8064000
23253125
11892
52668
193
787
696
470
1841
844480
4445280
9032269
332049
306816
2463648
3702
155255520
219525
110124
907
15241014
1182
3830
1404
3801
7764
3080
167922
65536875
302592
400329216
271000
130
256613
4740
5046
13891752
2427
3820
1469664
112800
207
13068000
5670390
5649
6060
1085
769
6224553229
297
9
126
155265
11700
375
23373
187004160
43392
142474
26355
839
81
49988
3141600
47966376
2353
6779
74
960
235570
3576
2099580
28080
1373
3491
23
33075
2580
4032
9504
1378
241
680622
2016
10615
83
1143081
518472
32006400
23674
10152
14214
18392
678649
921600
14976
240372096
65952
759
4253047924
402732
3610
956
135
23463
1290243
33
1737469539
14156208
2268
26
77636448
750000
442
25977
2238
290
1749961
48690
4816
471
165
154
85538
63
6710
511922
227
174
1014
329035
557
678
1682
359181
249930
1104
9504
119160
24259
2114
427
738
7558
7883
12600
72
141444
73080
113740608
36288
737
19620
195
9905112
8070
2664
36448
24
15
787860
1179
406
145824
24280
216
232352
7714
360
2106
378722
2030
288
64199248
8471912
3477
6272
32594112
486261
1424
24255
9492
63416
37264
7683868
39062
79872
25056
1062
31688
688
600843604
2553120
59043620
444843
16488
198384
9358020
178
32736
3696
5944332
1465
1799
56
1273736
